[points]
# x   y    z
-0.5 -0.5 -0.3
+0.5 -0.5 -0.3
+0.5 +0.5 -0.3
-0.5 +0.5 -0.3
+0.0 +0.0 +0.5

[colors]
# r  g  b
0.75	0.75	0.75
1		1		1
0.75	0.75	0.75
1		1		1
0.5		0.5		0.5

[indices]
0  2  1
0  3  2
0  1  4
1  2  4
2  3  4
3  0  4

[normal]
0.0 -1.0 0.0
0.0 -0.848 0.53
0.848 0.0 0.53
0.0 0.848 0.53
-0.848 0.0 0.53

#0.0 -1.0 0.0
#0.848 0.0 0.53
#0.0 -0.848 0.53

#0.0 -1.0 0.0
#0.0 0.848 0.53
#0.848 0.0 0.53

#0.0 -1.0 0.0
#0.0 -0.848 0.53
#-0.848 0.0 0.53

#0.0 -0.848 0.53
#0.848 0.0 0.53
#-0.848 0.0 0.53

#0.848 0.0 0.53
#0.0 0.848 0.53
#-0.848 0.0 0.53

#0.0 0.848 0.53
#0.0 -1.0 0.0
#-0.848 0.0 0.53